bench_render (native): 18 trees, the standard phrase (5.05 s at 44100 Hz), least of 5, this thread's CPU ms
load average 125 131 134 on 16 cores, before
tree              farm job    domain   compile chord cmp       DSP       vet normalize   φ audio  φ struct      face  f32 copy  memo key
First Bass          345.87      0.01      0.04      0.03    332.43      0.56      2.24      7.61      0.00      2.00      0.03      0.00
Ceiling             387.02      0.01      0.03      0.03    365.48      0.53      2.26      7.43      0.00      1.86      0.03      0.00
Detune Dream        143.78      0.01      0.03      0.03    127.77      0.53      2.24      7.64      0.00      1.87      0.03      0.00
Long Way Down       259.44      0.01      0.04      0.04    241.79      0.53      2.24      7.65      0.00      1.86      0.03      0.00
Glass Pad           265.67      0.01      0.03      0.03    261.91      0.53      2.24      6.60      0.00      1.80      0.03      0.00
Choirboy            186.23      0.01      0.04      0.04    166.02      0.53      2.24      5.06      0.00      1.92      0.06      0.00
draw 1              104.58      0.00      0.01      0.01     94.75      0.53      2.24      7.66      0.00      1.89      0.03      0.00
draw 2              146.04      0.00      0.03      0.02    127.42      0.53      2.31      7.59      0.00      1.94      0.03      0.00
draw 3              102.08      0.00      0.02      0.01     92.69      0.53      2.25      5.09      0.00      1.88      0.03      0.00
draw 4              160.11      0.01      0.03      0.03    150.65      0.53      2.27      7.66      0.00      1.87      0.03      0.00
draw 5              192.35      0.01      0.04      0.03    185.69      0.53      2.26      4.79      0.00      1.89      0.03      0.00
draw 6              173.97      0.01      0.03      0.02    160.22      0.53      2.24      7.64      0.00      1.90      0.03      0.00
draw 7              116.18      0.00      0.02      0.02    107.90      0.53      2.25      4.72      0.00      1.88      0.03      0.00
draw 8              225.27      0.01      0.05      0.05    213.46      0.53      2.24      7.53      0.00      1.88      0.03      0.00
draw 9              475.35      0.02      0.07      0.07    458.02      0.53      2.25      8.02      0.00      1.88      0.03      0.01
draw 10             257.02      0.01      0.04      0.03    248.60      0.53      2.24      5.33      0.00      2.20      0.03      0.00
draw 11             553.63      0.03      0.12      0.12    524.74      0.53      2.38      7.40      0.00      1.81      0.03      0.01
draw 12             414.38      0.03      0.11      0.11    386.40      0.56      2.26      7.58      0.00      1.88      0.03      0.01
sum                 4509.0       0.2       0.8       0.7    4245.9       9.6      40.6     123.0       0.0      34.2       0.6       0.1
share of job        100.0%      0.0%      0.0%      0.0%     94.2%      0.2%      0.9%      2.7%      0.0%      0.8%      0.0%      0.0%
the stages sum to 98.8% of the farm job (the rest: seeding, the phrase loop's bookkeeping, the vet config, allocation of the memo entry)
load average 142 132 132, after
